0001001000010100000000000000000000000000000000000000000000000000000000000000
0001001000100011111111110000000000000000000000000000000000000000000000000000
0001001001000011111111100000000000000000000000000000000000000000000000000000
0001001001010000000000000000000000000000000000000000000000000000000000001010
0010000100000000000000000000000000000000000000000000011000110001
0010000100000000000000000000000000000000000000000000010000110010
0010000100000000000000000000000000000000000000000000000100110010
0010000100000000000000000000000000000000000000000000001100110100
0010000100000000000000000000000000000000000000000000011000100011
0010000000000000000000000000000000000000000000000000100001010000
0111000000100000000000000000000000000000000000000000000000000000000000010011